000000011300022600033900045100056400067600078900090100101300112500123600
134800145900156900168000179000190000200900211800222700233500244300255000
265700276300286900297400307900318300328600338900349100359300369400379400
389300399200409000418700428400438000447500456900466200475500484700493700
502700511700520500529200537900546500554900563300571600579800587900595900
603900611700619400627000634600642000649400656600663800670800677800684700
691400698100704700711200717500723800730000736100742100748000753800759500
765100770700776100781400786700791800796900801900806800811600816300820900
825400829900834200838500842700846800850800854800858600862400866100869800
873300876800880200883500886800890000893100896100899100902000904800907600
910300913000915500918100920500922900925200927500929700931900934000936100
938100940000941900943800945700947300949000950700952300953800955400956900
958300959700961100962400963700964900966100967300968400969500970600971600
972600973600974500975500976300977200978000978800979600980400981100981800
982500983200983800984400985000985600986100986700987200987700988200988600
989100989500989900990300990700991100991500991800992200992500992800993100
993400993700993900994200994400994700994900995100995300995500995700995900
996100996300996400996600996700996900997000997200997300997400997500997600
997700997900997960998050998140998230998320998400998480998550998620998680
998740998800998850998910998960999010999060999100999140999180999230999270
999300999340999370999400999440999470999500999530999560999580999600999630
999650999670999690999700
255099970000263099980000275099990000313099999000346099999900377099999990
406099999999100E30100000000
04005010020017730035563177245390100000071001000000012000
0000150500500120720001600025000120101020309020201010202
000000000
01010000100700101000010090010100001012001010000101100101000010090
01010000101200101000010080010100001008001010000101200101000010080
01010000150200101000020020
1755000010999
3975000015999
29710000206001754000010400
348500001540015630000154001953000010200
39750000151502971000010090175400000709017550000100903363000010090
1953000010070101300001020034850000152001563000015020
00003467005000000154800500
00003467005000000154800500
0000326810999
0000336310999
00001953108000000101307200
00003487155000000157215500
25080408011309
08071602010110
03030420010110
02050325010112
03350315011505
02100302103907
02020203150207
02020202410207
03090317041609
03132003200509
02052801030409
45011202020106
